<?xml version="1.0" encoding="utf-8"?>
<COLLADA xmlns="http://www.collada.org/2005/11/COLLADASchema" version="1.4.1">
  <asset><contributor><author>Mixamo</author><authoring_tool>COLLADA Mixamo exporter</authoring_tool><comments></comments></contributor><created>2018-08-03T13:23:01Z</created><modified>2018-08-03T13:23:01Z</modified><revision></revision><title></title><unit meter="0.010000"/><up_axis>Y_UP</up_axis></asset>
  <library_animations>
    <animation id="mixamorig_Hips-anim" name="mixamorig_Hips"><source id="mixamorig_Hips-Matrix-animation-input"><float_array id="mixamorig_Hips-Matrix-animation-input-array" count="36">

0.000000 0.033333 0.066667 0.100000 0.133333 0.166667 0.200000 0.233333 0.266667 0.300000 0.333333 0.366667 0.400000 0.433333 0.466667 0.500000
0.533333 0.566667 0.600000 0.633333 0.666667 0.700000 0.733333 0.766667 0.800000 0.833333 0.866667 0.900000 0.933333 0.966667 1.000000 1.033333
1.066667 1.100000 1.133333 1.166667</float_array><technique_common><accessor source="#mixamorig_Hips-Matrix-animation-input-array" count="36"><param name="TIME" type="float"/></accessor></technique_common></source><source id="mixamorig_Hips-Matrix-animation-output-transform"><float_array id="mixamorig_Hips-Matrix-animation-output-transform-array" count="576">

0.999418 0.033476 -0.006580 0.816800 -0.026868 0.891148 0.452916 60.089111 0.021025 -0.452476 0.891529 -24.147532 0.000000 0.000000 0.000000 1.000000
0.999390 0.034352 -0.006227 0.813970 -0.027820 0.891359 0.452443 60.095222 0.021093 -0.451994 0.891772 -24.081324 0.000000 0.000000 0.000000 1.000000
0.999396 0.034362 -0.005186 0.818342 -0.028288 0.891084 0.452955 60.086197 0.020186 -0.452535 0.891518 -24.075191 0.000000 0.000000 0.000000 1.000000
0.999436 0.033387 -0.003556 0.826925 -0.028122 0.890271 0.454563 60.073292 0.018342 -0.454206 0.890708 -24.136585 0.000000 0.000000 0.000000 1.000000
0.999468 0.032552 -0.002247 0.837349 -0.027942 0.889428 0.456220 60.069099 0.016849 -0.455914 0.889864 -24.217953 0.000000 0.000000 0.000000 1.000000
0.999485 0.032040 -0.001610 0.847281 -0.027756 0.888829 0.457398 60.069286 0.016086 -0.457118 0.889261 -24.295074 0.000000 0.000000 0.000000 1.000000
0.999490 0.031883 -0.001716 0.856836 -0.027555 0.888484 0.458079 60.069992 0.016130 -0.457798 0.888910 -24.338581 0.000000 0.000000 0.000000 1.000000
0.999477 0.032237 -0.002587 0.869277 -0.027462 0.888213 0.458611 60.055508 0.017082 -0.458300 0.888633 -24.317127 0.000000 0.000000 0.000000 1.000000
0.999461 0.032591 -0.003814 0.877910 -0.027201 0.887900 0.459231 60.033302 0.018353 -0.458880 0.888309 -24.241341 0.000000 0.000000 0.000000 1.000000
0.999453 0.032739 -0.004709 0.876344 -0.026912 0.887677 0.459680 60.010666 0.019229 -0.459301 0.888072 -24.141640 0.000000 0.000000 0.000000 1.000000
0.999460 0.032527 -0.004711 0.862894 -0.026728 0.887802 0.459448 59.996609 0.019127 -0.459074 0.888192 -24.059536 0.000000 0.000000 0.000000 1.000000
0.999474 0.032160 -0.004087 0.846491 -0.026705 0.888235 0.458612 59.987255 0.018379 -0.458261 0.888627 -24.018764 0.000000 0.000000 0.000000 1.000000
0.999493 0.031636 -0.003571 0.833342 -0.026489 0.888585 0.457947 59.983227 0.017660 -0.457621 0.888972 -24.031086 0.000000 0.000000 0.000000 1.000000
0.999508 0.031168 -0.003570 0.825439 -0.026073 0.888584 0.457973 59.982891 0.017446 -0.457654 0.888959 -24.091660 0.000000 0.000000 0.000000 1.000000
0.999512 0.031024 -0.003773 0.821493 -0.025845 0.888389 0.458363 59.985573 0.017572 -0.458042 0.888757 -24.176975 0.000000 0.000000 0.000000 1.000000
0.999505 0.031233 -0.003745 0.818346 -0.026041 0.888340 0.458447 59.990593 0.017646 -0.458122 0.888714 -24.244282 0.000000 0.000000 0.000000 1.000000
0.999487 0.031827 -0.003640 0.815792 -0.026628 0.888589 0.457930 59.986557 0.017809 -0.457599 0.888981 -24.250448 0.000000 0.000000 0.000000 1.000000
0.999468 0.032374 -0.003842 0.810491 -0.027042 0.889070 0.456972 59.974174 0.018210 -0.456625 0.889473 -24.197184 0.000000 0.000000 0.000000 1.000000
0.999459 0.032598 -0.004449 0.800653 -0.026988 0.889674 0.455798 59.960236 0.018816 -0.455431 0.890072 -24.116955 0.000000 0.000000 0.000000 1.000000
0.999453 0.032668 -0.005130 0.789127 -0.026768 0.890309 0.454569 59.952538 0.019417 -0.454183 0.890697 -24.049524 0.000000 0.000000 0.000000 1.000000
0.999439 0.033005 -0.005616 0.782948 -0.026867 0.890768 0.453664 59.953018 0.019976 -0.453258 0.891155 -24.020737 0.000000 0.000000 0.000000 1.000000
0.999417 0.033617 -0.005910 0.785093 -0.027279 0.890769 0.453637 59.958195 0.020514 -0.453212 0.891167 -24.034779 0.000000 0.000000 0.000000 1.000000
0.999407 0.033898 -0.005968 0.788227 -0.027483 0.890300 0.454545 59.968876 0.020721 -0.454112 0.890704 -24.086214 0.000000 0.000000 0.000000 1.000000
0.999415 0.033707 -0.005738 0.785084 -0.027391 0.889725 0.455675 59.979794 0.020465 -0.455251 0.890128 -24.151093 0.000000 0.000000 0.000000 1.000000
0.999430 0.033353 -0.005311 0.773802 -0.027257 0.889426 0.456266 59.987556 0.019942 -0.455861 0.889828 -24.194855 0.000000 0.000000 0.000000 1.000000
0.999426 0.033493 -0.005078 0.763788 -0.027489 0.889441 0.456223 59.983582 0.019797 -0.455822 0.889851 -24.184265 0.000000 0.000000 0.000000 1.000000
0.999412 0.033890 -0.005276 0.760588 -0.027759 0.889605 0.455887 59.978043 0.020144 -0.455472 0.890022 -24.127460 0.000000 0.000000 0.000000 1.000000
0.999402 0.034061 -0.005880 0.765182 -0.027650 0.889897 0.455323 59.980141 0.020741 -0.454889 0.890307 -24.055859 0.000000 0.000000 0.000000 1.000000
0.999407 0.033796 -0.006604 0.774969 -0.027109 0.890446 0.454280 59.992111 0.021233 -0.453832 0.890834 -24.003468 0.000000 0.000000 0.000000 1.000000
0.999419 0.033329 -0.007132 0.786953 -0.026486 0.891156 0.452924 60.007721 0.021451 -0.452472 0.891521 -23.987446 0.000000 0.000000 0.000000 1.000000
0.999420 0.033238 -0.007409 0.801712 -0.026303 0.891647 0.451967 60.011177 0.021628 -0.451510 0.892004 -23.998835 0.000000 0.000000 0.000000 1.000000
0.999416 0.033336 -0.007445 0.814615 -0.026376 0.891689 0.451879 60.010609 0.021703 -0.451419 0.892048 -24.038601 0.000000 0.000000 0.000000 1.000000
0.999424 0.033143 -0.007295 0.820448 -0.026257 0.891373 0.452509 60.030773 0.021500 -0.452057 0.891730 -24.120018 0.000000 0.000000 0.000000 1.000000
0.999442 0.032641 -0.007067 0.821751 -0.025893 0.890972 0.453320 60.054073 0.021094 -0.452884 0.891320 -24.200970 0.000000 0.000000 0.000000 1.000000
0.999448 0.032513 -0.006797 0.819624 -0.025898 0.890901 0.453459 60.063881 0.020799 -0.453033 0.891251 -24.202551 0.000000 0.000000 0.000000 1.000000
0.999415 0.033562 -0.006639 0.817544 -0.026918 0.891144 0.452921 60.085686 0.021117 -0.452477 0.891526 -24.146395 0.000000 0.000000 0.000000 1.000000</float_array><technique_common><accessor source="#mixamorig_Hips-Matrix-animation-output-transform-array" count="36" stride="16"><param type="float4x4"/></accessor></technique_common></source><source id="mixamorig_Hips-Interpolations"><Name_array id="mixamorig_Hips-Interpolations-array" count="36">
 LINEAR LINEAR LINEAR LINEAR LINEAR LINEAR LINEAR LINEAR LINEAR LINEAR LINEAR
LINEAR LINEAR LINEAR LINEAR LINEAR LINEAR LINEAR LINEAR LINEAR LINEAR LINEAR LINEAR
LINEAR LINEAR LINEAR LINEAR LINEAR LINEAR LINEAR LINEAR LINEAR LINEAR LINEAR LINEAR
LINEAR</Name_array><technique_common><accessor source="#mixamorig_Hips-Interpolations-array" count="36"><param type="name"/></accessor></technique_common></source><sampler id="mixamorig_Hips-Matrix-animation-transform"><input semantic="INPUT" source="#mixamorig_Hips-Matrix-animation-input"/><input semantic="OUTPUT" source="#mixamorig_Hips-Matrix-animation-output-transform"/><input semantic="INTERPOLATION" source="#mixamorig_Hips-Interpolations"/></sampler><channel source="#mixamorig_Hips-Matrix-animation-transform" target="mixamorig_Hips/matrix"/></animation>
    <animation id="mixamorig_Spine-anim" name="mixamorig_Spine"><source id="mixamorig_Spine-Matrix-animation-input"><float_array id="mixamorig_Spine-Matrix-animation-input-array" count="36">

0.000000 0.033333 0.066667 0.100000 0.133333 0.166667 0.200000 0.233333 0.266667 0.300000 0.333333 0.366667 0.400000 0.433333 0.466667 0.500000
0.533333 0.566667 0.600000 0.633333 0.666667 0.700000 0.733333 0.766667 0.800000 0.833333 0.866667 0.900000 0.933333 0.966667 1.000000 1.033333
1.066667 1.100000 1.133333 1.166667</float_array><technique_common><accessor source="#mixamorig_Spine-Matrix-animation-input-array" count="36"><param name="TIME" type="float"/></accessor></technique_common></source><source id="mixamorig_Spine-Matrix-animation-output-transform"><float_array id="mixamorig_Spine-Matrix-animation-output-transform-array" count="576">

0.999673 -0.025079 0.005047 0.000000 0.023803 0.839570 -0.542730 9.923500 0.009374 0.542673 0.839892 -1.227300 0.000000 0.000000 0.000000 1.000000
0.999582 -0.028327 0.005810 0.000000 0.026940 0.839231 -0.543108 9.923500 0.010508 0.543037 0.839643 -1.227300 0.000000 0.000000 0.000000 1.000000
0.999502 -0.030919 0.006356 0.000000 0.029399 0.838527 -0.544067 9.923500 0.011492 0.543983 0.839018 -1.227300 0.000000 0.000000 0.000000 1.000000
0.999450 -0.032545 0.006349 0.000000 0.030742 0.837711 -0.545248 9.923500 0.012427 0.545143 0.838251 -1.227300 0.000000 0.000000 0.000000 1.000000
0.999426 -0.033361 0.005960 0.000000 0.031194 0.836866 -0.546519 9.923500 0.013245 0.546391 0.837425 -1.227300 0.000000 0.000000 0.000000 1.000000
0.999425 -0.033474 0.005331 -0.000000 0.030924 0.836029 -0.547814 9.923500 0.013880 0.547664 0.836583 -1.227300 0.000000 0.000000 0.000000 1.000000
0.999443 -0.033058 0.004600 0.000000 0.030153 0.835223 -0.549083 9.923500 0.014310 0.548916 0.835755 -1.227300 0.000000 0.000000 0.000000 1.000000
0.999466 -0.032438 0.004053 -0.000000 0.029313 0.834417 -0.550353 9.923500 0.014470 0.550178 0.834922 -1.227300 0.000000 0.000000 0.000000 1.000000
0.999498 -0.031502 0.003470 0.000000 0.028189 0.833603 -0.551644 9.923500 0.014485 0.551465 0.834072 -1.227300 0.000000 0.000000 0.000000 1.000000
0.999535 -0.030367 0.002887 0.000000 0.026898 0.832793 -0.552931 9.923500 0.014387 0.552751 0.833222 -1.227300 0.000000 0.000000 0.000000 1.000000
0.999571 -0.029205 0.002384 0.000000 0.025631 0.832031 -0.554137 9.923500 0.014200 0.553960 0.832422 -1.227300 0.000000 0.000000 0.000000 1.000000
0.999596 -0.028353 0.002213 0.000000 0.024810 0.831388 -0.555138 9.923500 0.013900 0.554969 0.831755 -1.227300 0.000000 0.000000 0.000000 1.000000
0.999612 -0.027774 0.002185 0.000000 0.024303 0.830969 -0.555787 9.923500 0.013621 0.555624 0.831322 -1.227300 0.000000 0.000000 0.000000 1.000000
0.999623 -0.027386 0.002089 0.000000 0.023924 0.830855 -0.555975 9.923500 0.013490 0.555815 0.831196 -1.227300 0.000000 0.000000 0.000000 1.000000
0.999629 -0.027158 0.001876 0.000000 0.023621 0.831054 -0.555690 9.923500 0.013533 0.555529 0.831387 -1.227300 0.000000 0.000000 0.000000 1.000000
0.999633 -0.027036 0.001570 0.000000 0.023360 0.831492 -0.555045 9.923500 0.013701 0.554878 0.831819 -1.227300 0.000000 0.000000 0.000000 1.000000
0.999633 -0.027056 0.001376 0.000000 0.023283 0.832027 -0.554247 9.923500 0.013851 0.554075 0.832351 -1.227300 0.000000 0.000000 0.000000 1.000000
0.999636 -0.026956 0.001191 0.000000 0.023110 0.832531 -0.553496 9.923500 0.013928 0.553322 0.832851 -1.227300 0.000000 0.000000 0.000000 1.000000
0.999647 -0.026543 0.000976 -0.000000 0.022656 0.832932 -0.552912 9.923500 0.013863 0.552739 0.833239 -1.227300 0.000000 0.000000 0.000000 1.000000
0.999666 -0.025838 0.000883 0.000000 0.022024 0.833214 -0.552512 9.923500 0.013540 0.552347 0.833504 -1.227300 0.000000 0.000000 0.000000 1.000000
0.999685 -0.025079 0.001238 0.000000 0.021592 0.833426 -0.552209 9.923500 0.012817 0.552062 0.833704 -1.227300 0.000000 0.000000 0.000000 1.000000
0.999699 -0.024453 0.002183 0.000000 0.021597 0.833664 -0.551849 9.923500 0.011674 0.551730 0.833941 -1.227300 0.000000 0.000000 0.000000 1.000000
0.999710 -0.023838 0.003360 0.000000 0.021740 0.834014 -0.551314 9.923500 0.010340 0.551228 0.834291 -1.227300 0.000000 0.000000 0.000000 1.000000
0.999721 -0.023189 0.004454 0.000000 0.021810 0.834475 -0.550613 9.923500 0.009052 0.550557 0.834748 -1.227300 0.000000 0.000000 0.000000 1.000000
0.999734 -0.022450 0.005217 -0.000000 0.021620 0.834977 -0.549860 9.923500 0.007989 0.549827 0.835241 -1.227300 0.000000 0.000000 0.000000 1.000000
0.999746 -0.021797 0.005794 -0.000000 0.021397 0.835424 -0.549189 9.923500 0.007130 0.549173 0.835678 -1.227300 0.000000 0.000000 0.000000 1.000000
0.999759 -0.021118 0.006076 -0.000000 0.020989 0.835765 -0.548686 9.923500 0.006509 0.548681 0.836007 -1.227300 0.000000 0.000000 0.000000 1.000000
0.999774 -0.020383 0.006076 0.000000 0.020377 0.835992 -0.548364 9.923500 0.006098 0.548364 0.836218 -1.227300 0.000000 0.000000 0.000000 1.000000
0.999790 -0.019647 0.005909 0.000000 0.019671 0.836128 -0.548181 9.923500 0.005830 0.548182 0.836339 -1.227300 0.000000 0.000000 0.000000 1.000000
0.999803 -0.019010 0.005709 0.000000 0.019029 0.836235 -0.548041 9.923500 0.005644 0.548041 0.836432 -1.227300 0.000000 0.000000 0.000000 1.000000
0.999808 -0.018748 0.005733 0.000000 0.018825 0.836396 -0.547802 9.923500 0.005475 0.547805 0.836588 -1.227300 0.000000 0.000000 0.000000 1.000000
0.999807 -0.018810 0.005734 0.000000 0.018881 0.836710 -0.547321 9.923500 0.005498 0.547323 0.836903 -1.227300 0.000000 0.000000 0.000000 1.000000
0.999799 -0.019281 0.005414 0.000000 0.019106 0.837278 -0.546444 9.923500 0.006003 0.546438 0.837478 -1.227300 0.000000 0.000000 0.000000 1.000000
0.999780 -0.020352 0.004990 0.000000 0.019780 0.837952 -0.545386 9.923500 0.006919 0.545364 0.838170 -1.227300 0.000000 0.000000 0.000000 1.000000
0.999743 -0.022155 0.004723 0.000000 0.021153 0.838467 -0.544542 9.923500 0.008105 0.544502 0.838720 -1.227300 0.000000 0.000000 0.000000 1.000000
0.999671 -0.025126 0.005145 0.000000 0.023886 0.839038 -0.543548 9.923500 0.009340 0.543492 0.839362 -1.227300 0.000000 0.000000 0.000000 1.000000</float_array><technique_common><accessor source="#mixamorig_Spine-Matrix-animation-output-transform-array" count="36" stride="16"><param type="float4x4"/></accessor></technique_common></source><source id="mixamorig_Spine-Interpolations"><Name_array id="mixamorig_Spine-Interpolations-array" count="36">
 LINEAR LINEAR LINEAR LINEAR LINEAR LINEAR LINEAR LINEAR LINEAR LINEAR LINEAR
LINEAR LINEAR LINEAR LINEAR LINEAR LINEAR LINEAR LINEAR LINEAR LINEAR LINEAR LINEAR
LINEAR LINEAR LINEAR LINEAR LINEAR LINEAR LINEAR LINEAR LINEAR LINEAR LINEAR LINEAR
LINEAR</Name_array><technique_common><accessor source="#mixamorig_Spine-Interpolations-array" count="36"><param type="name"/></accessor></technique_common></source><sampler id="mixamorig_Spine-Matrix-animation-transform"><input semantic="INPUT" source="#mixamorig_Spine-Matrix-animation-input"/><input semantic="OUTPUT" source="#mixamorig_Spine-Matrix-animation-output-transform"/><input semantic="INTERPOLATION" source="#mixamorig_Spine-Interpolations"/></sampler><channel source="#mixamorig_Spine-Matrix-animation-transform" target="mixamorig_Spine/matrix"/></animation>
    <animation id="mixamorig_Spine1-anim" name="mixamorig_Spine1"><source id="mixamorig_Spine1-Matrix-animation-input"><float_array id="mixamorig_Spine1-Matrix-animation-input-array" count="36">

0.000000 0.033333 0.066667 0.100000 0.133333 0.166667 0.200000 0.233333 0.266667 0.300000 0.333333 0.366667 0.400000 0.433333 0.466667 0.500000
0.533333 0.566667 0.600000 0.633333 0.666667 0.700000 0.733333 0.766667 0.800000 0.833333 0.866667 0.900000 0.933333 0.966667 1.000000 1.033333
1.066667 1.100000 1.133333 1.166667</float_array><technique_common><accessor source="#mixamorig_Spine1-Matrix-animation-input-array" count="36"><param name="TIME" type="float"/></accessor></technique_common></source><source id="mixamorig_Spine1-Matrix-animation-output-transform"><float_array id="mixamorig_Spine1-Matrix-animation-output-transform-array" count="576">

0.999738 -0.022702 -0.002994 -0.000100 0.022627 0.999479 -0.023035 11.645400 0.003516 0.022961 0.999730 -1.422300 0.000000 0.000000 0.000000 1.000000
0.999828 -0.018363 -0.002673 -0.000100 0.018305 0.999629 -0.020165 11.645400 0.003042 0.020113 0.999793 -1.422300 0.000000 0.000000 0.000000 1.000000
0.999880 -0.015263 -0.002486 -0.000100 0.015216 0.999722 -0.018016 11.645400 0.002761 0.017976 0.999835 -1.422300 0.000000 0.000000 0.000000 1.000000
0.999905 -0.013548 -0.002434 -0.000100 0.013507 0.999777 -0.016234 11.645400 0.002653 0.016200 0.999865 -1.422300 0.000000 0.000000 0.000000 1.000000
0.999912 -0.013013 -0.002497 -0.000100 0.012975 0.999807 -0.014728 11.645400 0.002688 0.014695 0.999888 -1.422300 0.000000 0.000000 0.000000 1.000000
0.999908 -0.013340 -0.002645 -0.000100 0.013304 0.999821 -0.013470 11.645400 0.002824 0.013434 0.999906 -1.422300 0.000000 0.000000 0.000000 1.000000
0.999895 -0.014201 -0.002841 -0.000100 0.014165 0.999822 -0.012441 11.645400 0.003017 0.012400 0.999919 -1.422300 0.000000 0.000000 0.000000 1.000000
0.999878 -0.015314 -0.003049 -0.000100 0.015278 0.999815 -0.011687 11.645400 0.003227 0.011639 0.999927 -1.422300 0.000000 0.000000 0.000000 1.000000
0.999859 -0.016472 -0.003241 -0.000100 0.016434 0.999802 -0.011243 11.645400 0.003425 0.011188 0.999932 -1.422300 0.000000 0.000000 0.000000 1.000000
0.999841 -0.017526 -0.003400 -0.000100 0.017487 0.999786 -0.011088 11.645400 0.003594 0.011027 0.999933 -1.422300 0.000000 0.000000 0.000000 1.000000
0.999825 -0.018378 -0.003520 -0.000100 0.018338 0.999770 -0.011163 11.645400 0.003725 0.011097 0.999931 -1.422300 0.000000 0.000000 0.000000 1.000000
0.999813 -0.018986 -0.003605 -0.000100 0.018944 0.999756 -0.011365 11.645400 0.003820 0.011294 0.999929 -1.422300 0.000000 0.000000 0.000000 1.000000
0.999806 -0.019367 -0.003662 -0.000100 0.019323 0.999746 -0.011567 11.645400 0.003885 0.011494 0.999926 -1.422300 0.000000 0.000000 0.000000 1.000000
0.999802 -0.019573 -0.003702 -0.000100 0.019528 0.999741 -0.011683 11.645400 0.003930 0.011608 0.999925 -1.422300 0.000000 0.000000 0.000000 1.000000
0.999800 -0.019669 -0.003734 -0.000100 0.019624 0.999739 -0.011709 11.645400 0.003964 0.011634 0.999924 -1.422300 0.000000 0.000000 0.000000 1.000000
0.999798 -0.019741 -0.003765 -0.000100 0.019695 0.999737 -0.011748 11.645400 0.003995 0.011671 0.999924 -1.422300 0.000000 0.000000 0.000000 1.000000
0.999795 -0.019902 -0.003795 -0.000100 0.019855 0.999731 -0.011970 11.645400 0.004032 0.011892 0.999921 -1.422300 0.000000 0.000000 0.000000 1.000000
0.999787 -0.020269 -0.003825 -0.000100 0.020219 0.999717 -0.012519 11.645400 0.004077 0.012439 0.999914 -1.422300 0.000000 0.000000 0.000000 1.000000
0.999774 -0.020925 -0.003852 -0.000100 0.020872 0.999692 -0.013445 11.645400 0.004132 0.013361 0.999902 -1.422300 0.000000 0.000000 0.000000 1.000000
0.999753 -0.021885 -0.003872 -0.000100 0.021826 0.999654 -0.014700 11.645400 0.004192 0.014612 0.999884 -1.422300 0.000000 0.000000 0.000000 1.000000
0.999726 -0.023089 -0.003880 -0.000100 0.023024 0.999604 -0.016153 11.645400 0.004251 0.016059 0.999862 -1.422300 0.000000 0.000000 0.000000 1.000000
0.999693 -0.024453 -0.003871 -0.000100 0.024381 0.999547 -0.017628 11.645400 0.004300 0.017528 0.999837 -1.422300 0.000000 0.000000 0.000000 1.000000
0.999657 -0.025904 -0.003842 -0.000100 0.025826 0.999486 -0.019009 11.645400 0.004333 0.018904 0.999812 -1.422300 0.000000 0.000000 0.000000 1.000000
0.999618 -0.027382 -0.003791 -0.000100 0.027300 0.999421 -0.020319 11.645400 0.004345 0.020208 0.999786 -1.422300 0.000000 0.000000 0.000000 1.000000
0.999578 -0.028823 -0.003719 -0.000100 0.028736 0.999352 -0.021672 11.645400 0.004342 0.021556 0.999758 -1.422300 0.000000 0.000000 0.000000 1.000000
0.999539 -0.030157 -0.003635 -0.000100 0.030065 0.999279 -0.023176 11.645400 0.004331 0.023056 0.999725 -1.422300 0.000000 0.000000 0.000000 1.000000
0.999503 -0.031330 -0.003552 -0.000100 0.031233 0.999203 -0.024847 11.645400 0.004328 0.024724 0.999685 -1.422300 0.000000 0.000000 0.000000 1.000000
0.999471 -0.032328 -0.003489 -0.000100 0.032224 0.999127 -0.026592 11.645400 0.004345 0.026465 0.999640 -1.422300 0.000000 0.000000 0.000000 1.000000
0.999445 -0.033132 -0.003459 -0.000100 0.033021 0.999056 -0.028242 11.645400 0.004391 0.028112 0.999595 -1.422300 0.000000 0.000000 0.000000 1.000000
0.999427 -0.033678 -0.003467 -0.000100 0.033561 0.998999 -0.029569 11.645400 0.004459 0.029436 0.999557 -1.422300 0.000000 0.000000 0.000000 1.000000
0.999421 -0.033846 -0.003503 -0.000100 0.033725 0.998971 -0.030310 11.645400 0.004526 0.030175 0.999534 -1.422300 0.000000 0.000000 0.000000 1.000000
0.999434 -0.033463 -0.003543 -0.000100 0.033341 0.998987 -0.030231 11.645400 0.004551 0.030096 0.999537 -1.422300 0.000000 0.000000 0.000000 1.000000
0.999469 -0.032389 -0.003551 -0.000100 0.032272 0.999055 -0.029129 11.645400 0.004491 0.028999 0.999569 -1.422300 0.000000 0.000000 0.000000 1.000000
0.999534 -0.030325 -0.003481 -0.000100 0.030219 0.999171 -0.027271 11.645400 0.004305 0.027153 0.999622 -1.422300 0.000000 0.000000 0.000000 1.000000
0.999629 -0.027026 -0.003292 -0.000100 0.026935 0.999320 -0.025186 11.645400 0.003970 0.025088 0.999677 -1.422300 0.000000 0.000000 0.000000 1.000000
0.999738 -0.022707 -0.002994 -0.000100 0.022632 0.999483 -0.022830 11.645400 0.003511 0.022756 0.999735 -1.422300 0.000000 0.000000 0.000000 1.000000</float_array><technique_common><accessor source="#mixamorig_Spine1-Matrix-animation-output-transform-array" count="36" stride="16"><param type="float4x4"/></accessor></technique_common></source><source id="mixamorig_Spine1-Interpolations"><Name_array id="mixamorig_Spine1-Interpolations-array" count="36">
 LINEAR LINEAR LINEAR LINEAR LINEAR LINEAR LINEAR LINEAR LINEAR LINEAR LINEAR
LINEAR LINEAR LINEAR LINEAR LINEAR LINEAR LINEAR LINEAR LINEAR LINEAR LINEAR LINEAR
LINEAR LINEAR LINEAR LINEAR LINEAR LINEAR LINEAR LINEAR LINEAR LINEAR LINEAR LINEAR
LINEAR</Name_array><technique_common><accessor source="#mixamorig_Spine1-Interpolations-array" count="36"><param type="name"/></accessor></technique_common></source><sampler id="mixamorig_Spine1-Matrix-animation-transform"><input semantic="INPUT" source="#mixamorig_Spine1-Matrix-animation-input"/><input semantic="OUTPUT" source="#mixamorig_Spine1-Matrix-animation-output-transform"/><input semantic="INTERPOLATION" source="#mixamorig_Spine1-Interpolations"/></sampler><channel source="#mixamorig_Spine1-Matrix-animation-transform" target="mixamorig_Spine1/matrix"/></animation>
    <animation id="mixamorig_Spine2-anim" name="mixamorig_Spine2"><source id="mixamorig_Spine2-Matrix-animation-input"><float_array id="mixamorig_Spine2-Matrix-animation-input-array" count="36">

0.000000 0.033333 0.066667 0.100000 0.133333 0.166667 0.200000 0.233333 0.266667 0.300000 0.333333 0.366667 0.400000 0.433333 0.466667 0.500000
0.533333 0.566667 0.600000 0.633333 0.666667 0.700000 0.733333 0.766667 0.800000 0.833333 0.866667 0.900000 0.933333 0.966667 1.000000 1.033333
1.066667 1.100000 1.133333 1.166667</float_array><technique_common><accessor source="#mixamorig_Spine2-Matrix-animation-input-array" count="36"><param name="TIME" type="float"/></accessor></technique_common></source><source id="mixamorig_Spine2-Matrix-animation-output-transform"><float_array id="mixamorig_Spine2-Matrix-animation-output-transform-array" count="576">

0.999738 -0.022813 -0.001627 0.000100 0.022769 0.999475 -0.023061 13.360200 0.002153 0.023018 0.999733 -1.626500 0.000000 0.000000 0.000000 1.000000
0.999828 -0.018472 -0.001576 0.000100 0.018436 0.999626 -0.020182 13.360200 0.001948 0.020150 0.999795 -1.626500 0.000000 0.000000 0.000000 1.000000
0.999881 -0.015373 -0.001580 0.000100 0.015342 0.999720 -0.018027 13.360200 0.001857 0.018001 0.999836 -1.626500 0.000000 0.000000 0.000000 1.000000
0.999905 -0.013663 -0.001632 0.000100 0.013635 0.999775 -0.016242 13.360200 0.001853 0.016219 0.999867 -1.626500 0.000000 0.000000 0.000000 1.000000
0.999912 -0.013136 -0.001723 0.000100 0.013109 0.999805 -0.014735 13.360200 0.001917 0.014711 0.999890 -1.626500 0.000000 0.000000 0.000000 1.000000
0.999908 -0.013473 -0.001843 0.000100 0.013447 0.999819 -0.013478 13.360200 0.002025 0.013452 0.999907 -1.626500 0.000000 0.000000 0.000000 1.000000
0.999895 -0.014346 -0.001975 0.000100 0.014320 0.999820 -0.012451 13.360200 0.002153 0.012421 0.999921 -1.626500 0.000000 0.000000 0.000000 1.000000
0.999878 -0.015470 -0.002102 0.000100 0.015445 0.999812 -0.011700 13.360200 0.002283 0.011666 0.999929 -1.626500 0.000000 0.000000 0.000000 1.000000
0.999859 -0.016638 -0.002214 0.000100 0.016612 0.999799 -0.011259 13.360200 0.002401 0.011220 0.999934 -1.626500 0.000000 0.000000 0.000000 1.000000
0.999841 -0.017701 -0.002304 0.000100 0.017674 0.999782 -0.011107 13.360200 0.002500 0.011065 0.999936 -1.626500 0.000000 0.000000 0.000000 1.000000
0.999825 -0.018559 -0.002370 0.000100 0.018531 0.999766 -0.011185 13.360200 0.002577 0.011139 0.999935 -1.626500 0.000000 0.000000 0.000000 1.000000
0.999813 -0.019170 -0.002416 0.000100 0.019141 0.999752 -0.011388 13.360200 0.002634 0.011340 0.999932 -1.626500 0.000000 0.000000 0.000000 1.000000
0.999806 -0.019554 -0.002449 0.000100 0.019524 0.999742 -0.011592 13.360200 0.002675 0.011542 0.999930 -1.626500 0.000000 0.000000 0.000000 1.000000
0.999802 -0.019762 -0.002475 0.000100 0.019731 0.999737 -0.011708 13.360200 0.002705 0.011657 0.999928 -1.626500 0.000000 0.000000 0.000000 1.000000
0.999800 -0.019859 -0.002497 0.000100 0.019829 0.999735 -0.011736 13.360200 0.002730 0.011684 0.999928 -1.626500 0.000000 0.000000 0.000000 1.000000
0.999798 -0.019933 -0.002518 0.000100 0.019902 0.999733 -0.011775 13.360200 0.002753 0.011723 0.999928 -1.626500 0.000000 0.000000 0.000000 1.000000
0.999795 -0.020094 -0.002537 0.000100 0.020063 0.999727 -0.011997 13.360200 0.002777 0.011944 0.999925 -1.626500 0.000000 0.000000 0.000000 1.000000
0.999787 -0.020461 -0.002547 0.000100 0.020427 0.999713 -0.012548 13.360200 0.002803 0.012494 0.999918 -1.626500 0.000000 0.000000 0.000000 1.000000
0.999774 -0.021115 -0.002541 0.000100 0.021079 0.999687 -0.013476 13.360200 0.002825 0.013419 0.999906 -1.626500 0.000000 0.000000 0.000000 1.000000
0.999753 -0.022071 -0.002513 0.000100 0.022031 0.999649 -0.014733 13.360200 0.002837 0.014674 0.999888 -1.626500 0.000000 0.000000 0.000000 1.000000
0.999726 -0.023269 -0.002455 0.000100 0.023226 0.999599 -0.016187 13.360200 0.002831 0.016126 0.999866 -1.626500 0.000000 0.000000 0.000000 1.000000
0.999694 -0.024625 -0.002365 0.000100 0.024580 0.999542 -0.017663 13.360200 0.002799 0.017600 0.999841 -1.626500 0.000000 0.000000 0.000000 1.000000
0.999658 -0.026068 -0.002244 0.000100 0.026021 0.999480 -0.019046 13.360200 0.002740 0.018981 0.999816 -1.626500 0.000000 0.000000 0.000000 1.000000
0.999619 -0.027538 -0.002097 0.000100 0.027489 0.999415 -0.020356 13.360200 0.002656 0.020291 0.999791 -1.626500 0.000000 0.000000 0.000000 1.000000
0.999578 -0.028969 -0.001934 0.000100 0.028920 0.999346 -0.021710 13.360200 0.002562 0.021645 0.999762 -1.626500 0.000000 0.000000 0.000000 1.000000
0.999540 -0.030292 -0.001772 0.000100 0.030243 0.999273 -0.023215 13.360200 0.002474 0.023151 0.999729 -1.626500 0.000000 0.000000 0.000000 1.000000
0.999504 -0.031455 -0.001628 0.000100 0.031405 0.999197 -0.024887 13.360200 0.002410 0.024823 0.999689 -1.626500 0.000000 0.000000 0.000000 1.000000
0.999472 -0.032443 -0.001519 0.000100 0.032391 0.999120 -0.026632 13.360200 0.002382 0.026569 0.999644 -1.626500 0.000000 0.000000 0.000000 1.000000
0.999446 -0.033241 -0.001457 0.000100 0.033186 0.999049 -0.028283 13.360200 0.002396 0.028219 0.999599 -1.626500 0.000000 0.000000 0.000000 1.000000
0.999428 -0.033783 -0.001445 0.000100 0.033726 0.998992 -0.029612 13.360200 0.002444 0.029546 0.999560 -1.626500 0.000000 0.000000 0.000000 1.000000
0.999422 -0.033950 -0.001477 0.000100 0.033889 0.998965 -0.030353 13.360200 0.002506 0.030286 0.999538 -1.626500 0.000000 0.000000 0.000000 1.000000
0.999435 -0.033568 -0.001536 0.000100 0.033506 0.998980 -0.030273 13.360200 0.002550 0.030205 0.999540 -1.626500 0.000000 0.000000 0.000000 1.000000
0.999471 -0.032498 -0.001596 0.000100 0.032437 0.999048 -0.029169 13.360200 0.002543 0.029102 0.999573 -1.626500 0.000000 0.000000 0.000000 1.000000
0.999535 -0.030437 -0.001639 0.000100 0.030381 0.999165 -0.027308 13.360200 0.002469 0.027245 0.999626 -1.626500 0.000000 0.000000 0.000000 1.000000
0.999630 -0.027139 -0.001650 0.000100 0.027089 0.999315 -0.025218 13.360200 0.002334 0.025164 0.999681 -1.626500 0.000000 0.000000 0.000000 1.000000
0.999738 -0.022817 -0.001627 0.000100 0.022774 0.999479 -0.022856 13.360200 0.002148 0.022813 0.999737 -1.626500 0.000000 0.000000 0.000000 1.000000</float_array><technique_common><accessor source="#mixamorig_Spine2-Matrix-animation-output-transform-array" count="36" stride="16"><param type="float4x4"/></accessor></technique_common></source><source id="mixamorig_Spine2-Interpolations"><Name_array id="mixamorig_Spine2-Interpolations-array" count="36">
 LINEAR LINEAR LINEAR LINEAR LINEAR LINEAR LINEAR LINEAR LINEAR LINEAR LINEAR
LINEAR LINEAR LINEAR LINEAR LINEAR LINEAR LINEAR LINEAR LINEAR LINEAR LINEAR LINEAR
LINEAR LINEAR LINEAR LINEAR LINEAR LINEAR LINEAR LINEAR LINEAR LINEAR LINEAR LINEAR
LINEAR</Name_array><technique_common><accessor source="#mixamorig_Spine2-Interpolations-array" count="36"><param type="name"/></accessor></technique_common></source><sampler id="mixamorig_Spine2-Matrix-animation-transform"><input semantic="INPUT" source="#mixamorig_Spine2-Matrix-animation-input"/><input semantic="OUTPUT" source="#mixamorig_Spine2-Matrix-animation-output-transform"/><input semantic="INTERPOLATION" source="#mixamorig_Spine2-Interpolations"/></sampler><channel source="#mixamorig_Spine2-Matrix-animation-transform" target="mixamorig_Spine2/matrix"/></animation>
    <animation id="mixamorig_Neck-anim" name="mixamorig_Neck"><source id="mixamorig_Neck-Matrix-animation-input"><float_array id="mixamorig_Neck-Matrix-animation-input-array" count="36">

0.000000 0.033333 0.066667 0.100000 0.133333 0.166667 0.200000 0.233333 0.266667 0.300000 0.333333 0.366667 0.400000 0.433333 0.466667 0.500000
0.533333 0.566667 0.600000 0.633333 0.666667 0.700000 0.733333 0.766667 0.800000 0.833333 0.866667 0.900000 0.933333 0.966667 1.000000 1.033333
1.066667 1.100000 1.133333 1.166667</float_array><technique_common><accessor source="#mixamorig_Neck-Matrix-animation-input-array" count="36"><param name="TIME" type="float"/></accessor></technique_common></source><source id="mixamorig_Neck-Matrix-animation-output-transform"><float_array id="mixamorig_Neck-Matrix-animation-output-transform-array" count="576">

0.999404 0.034517 0.000240 0.000000 -0.033481 0.971050 -0.236519 15.032500 -0.008397 0.236370 0.971627 0.792900 0.000000 0.000000 0.000000 1.000000
0.999480 0.032238 0.000153 -0.000000 -0.031275 0.970753 -0.238033 15.032500 -0.007822 0.237904 0.971257 0.792900 0.000000 0.000000 0.000000 1.000000
0.999526 0.030777 0.000149 0.000000 -0.029849 0.970521 -0.239163 15.032500 -0.007505 0.239045 0.970979 0.792900 0.000000 0.000000 0.000000 1.000000
0.999545 0.030168 0.000252 0.000000 -0.029226 0.970338 -0.239980 15.032500 -0.007484 0.239863 0.970778 0.792900 0.000000 0.000000 0.000000 1.000000
0.999541 0.030288 0.000426 0.000000 -0.029297 0.970217 -0.240458 15.032500 -0.007697 0.240335 0.970660 0.792900 0.000000 0.000000 0.000000 1.000000
0.999521 0.030936 0.000628 0.000000 -0.029876 0.970161 -0.240615 15.032500 -0.008053 0.240481 0.970620 0.792900 0.000000 0.000000 0.000000 1.000000
0.999491 0.031880 0.000819 0.000000 -0.030748 0.970161 -0.240505 15.032500 -0.008462 0.240358 0.970647 0.792900 0.000000 0.000000 0.000000 1.000000
0.999458 0.032911 0.000975 0.000000 -0.031714 0.970204 -0.240204 15.032500 -0.008851 0.240043 0.970722 0.792900 0.000000 0.000000 0.000000 1.000000
0.999426 0.033868 0.001092 -0.000000 -0.032619 0.970275 -0.239796 15.032500 -0.009181 0.239623 0.970823 0.792900 0.000000 0.000000 0.000000 1.000000
0.999399 0.034650 0.001183 -0.000000 -0.033360 0.970358 -0.239360 15.032500 -0.009442 0.239176 0.970930 0.792900 0.000000 0.000000 0.000000 1.000000
0.999379 0.035205 0.001269 0.000000 -0.033882 0.970438 -0.238961 15.032500 -0.009644 0.238770 0.971028 0.792900 0.000000 0.000000 0.000000 1.000000
0.999368 0.035525 0.001373 0.000000 -0.034171 0.970505 -0.238647 15.032500 -0.009810 0.238449 0.971105 0.792900 0.000000 0.000000 0.000000 1.000000
0.999364 0.035628 0.001510 0.000000 -0.034241 0.970552 -0.238446 15.032500 -0.009961 0.238243 0.971155 0.792900 0.000000 0.000000 0.000000 1.000000
0.999366 0.035557 0.001681 -0.000000 -0.034132 0.970576 -0.238364 15.032500 -0.010107 0.238156 0.971174 0.792900 0.000000 0.000000 0.000000 1.000000
0.999372 0.035372 0.001875 0.000000 -0.033906 0.970579 -0.238385 15.032500 -0.010252 0.238171 0.971169 0.792900 0.000000 0.000000 0.000000 1.000000
0.999380 0.035150 0.002066 -0.000000 -0.033644 0.970567 -0.238470 15.032500 -0.010388 0.238253 0.971148 0.792900 0.000000 0.000000 0.000000 1.000000
0.999386 0.034979 0.002226 0.000000 -0.033438 0.970550 -0.238568 15.032500 -0.010506 0.238347 0.971123 0.792900 0.000000 0.000000 0.000000 1.000000
0.999386 0.034949 0.002327 0.000000 -0.033385 0.970539 -0.238620 15.032500 -0.010598 0.238396 0.971110 0.792900 0.000000 0.000000 0.000000 1.000000
0.999380 0.035138 0.002348 0.000000 -0.033563 0.970544 -0.238573 15.032500 -0.010662 0.238346 0.971122 0.792900 0.000000 0.000000 0.000000 1.000000
0.999364 0.035594 0.002282 0.000000 -0.034024 0.970574 -0.238387 15.032500 -0.010700 0.238158 0.971168 0.792900 0.000000 0.000000 0.000000 1.000000
0.999338 0.036323 0.002135 0.000000 -0.034771 0.970632 -0.238044 15.032500 -0.010719 0.237812 0.971252 0.792900 0.000000 0.000000 0.000000 1.000000
0.999303 0.037286 0.001929 0.000000 -0.035761 0.970717 -0.237547 15.032500 -0.010729 0.237313 0.971374 0.792900 0.000000 0.000000 0.000000 1.000000
0.999261 0.038396 0.001691 0.000000 -0.036903 0.970829 -0.236916 15.032500 -0.010739 0.236678 0.971529 0.792900 0.000000 0.000000 0.000000 1.000000
0.999217 0.039546 0.001456 0.000000 -0.038084 0.970962 -0.236181 15.032500 -0.010754 0.235941 0.971708 0.792900 0.000000 0.000000 0.000000 1.000000
0.999174 0.040623 0.001254 0.000000 -0.039187 0.971113 -0.235379 15.032500 -0.010779 0.235135 0.971903 0.792900 0.000000 0.000000 0.000000 1.000000
0.999136 0.041535 0.001108 -0.000000 -0.040117 0.971276 -0.234548 15.032500 -0.010819 0.234301 0.972104 0.792900 0.000000 0.000000 0.000000 1.000000
0.999107 0.042228 0.001031 0.000000 -0.040818 0.971444 -0.233731 15.032500 -0.010871 0.233480 0.972301 0.792900 0.000000 0.000000 0.000000 1.000000
0.999088 0.042683 0.001018 0.000000 -0.041271 0.971606 -0.232979 15.032500 -0.010934 0.232725 0.972481 0.792900 0.000000 0.000000 0.000000 1.000000
0.999079 0.042903 0.001054 0.000000 -0.041484 0.971745 -0.232357 15.032500 -0.010993 0.232100 0.972630 0.792900 0.000000 0.000000 0.000000 1.000000
0.999079 0.042888 0.001110 0.000000 -0.041462 0.971846 -0.231939 15.032500 -0.011026 0.231679 0.972730 0.792900 0.000000 0.000000 0.000000 1.000000
0.999091 0.042611 0.001151 0.000000 -0.041184 0.971891 -0.231799 15.032500 -0.010996 0.231541 0.972763 0.792900 0.000000 0.000000 0.000000 1.000000
0.999117 0.042001 0.001145 -0.000000 -0.040589 0.971868 -0.232002 15.032500 -0.010857 0.231750 0.972715 0.792900 0.000000 0.000000 0.000000 1.000000
0.999160 0.040955 0.001062 -0.000000 -0.039585 0.971772 -0.232577 15.032500 -0.010557 0.232340 0.972577 0.792900 0.000000 0.000000 0.000000 1.000000
0.999224 0.039367 0.000887 0.000000 -0.038072 0.971608 -0.233514 15.032500 -0.010055 0.233299 0.972353 0.792900 0.000000 0.000000 0.000000 1.000000
0.999309 0.037172 0.000619 0.000000 -0.035988 0.971389 -0.234753 15.032500 -0.009328 0.234569 0.972055 0.792900 0.000000 0.000000 0.000000 1.000000
0.999404 0.034517 0.000240 0.000000 -0.033484 0.971128 -0.236198 15.032500 -0.008386 0.236049 0.971705 0.792900 0.000000 0.000000 0.000000 1.000000</float_array><technique_common><accessor source="#mixamorig_Neck-Matrix-animation-output-transform-array" count="36" stride="16"><param type="float4x4"/></accessor></technique_common></source><source id="mixamorig_Neck-Interpolations"><Name_array id="mixamorig_Neck-Interpolations-array" count="36">
 LINEAR LINEAR LINEAR LINEAR LINEAR LINEAR LINEAR LINEAR LINEAR LINEAR LINEAR
LINEAR LINEAR LINEAR LINEAR LINEAR LINEAR LINEAR LINEAR LINEAR LINEAR LINEAR LINEAR
LINEAR LINEAR LINEAR LINEAR LINEAR LINEAR LINEAR LINEAR LINEAR LINEAR LINEAR LINEAR
LINEAR</Name_array><technique_common><accessor source="#mixamorig_Neck-Interpolations-array" count="36"><param type="name"/></accessor></technique_common></source><sampler id="mixamorig_Neck-Matrix-animation-transform"><input semantic="INPUT" source="#mixamorig_Neck-Matrix-animation-input"/><input semantic="OUTPUT" source="#mixamorig_Neck-Matrix-animation-output-transform"/><input semantic="INTERPOLATION" source="#mixamorig_Neck-Interpolations"/></sampler><channel source="#mixamorig_Neck-Matrix-animation-transform" target="mixamorig_Neck/matrix"/></animation>
    <animation id="mixamorig_Head-anim" name="mixamorig_Head"><source id="mixamorig_Head-Matrix-animation-input"><float_array id="mixamorig_Head-Matrix-animation-input-array" count="36">

0.000000 0.033333 0.066667 0.100000 0.133333 0.166667 0.200000 0.233333 0.266667 0.300000 0.333333 0.366667 0.400000 0.433333 0.466667 0.500000
0.533333 0.566667 0.600000 0.633333 0.666667 0.700000 0.733333 0.766667 0.800000 0.833333 0.866667 0.900000 0.933333 0.966667 1.000000 1.033333
1.066667 1.100000 1.133333 1.166667</float_array><technique_common><accessor source="#mixamorig_Head-Matrix-animation-input-array" count="36"><param name="TIME" type="float"/></accessor></technique_common></source><source id="mixamorig_Head-Matrix-animation-output-transform"><float_array id="mixamorig_Head-Matrix-animation-output-transform-array" count="576">

0.999589 0.021061 0.019460 0.000000 -0.027543 0.893964 0.447291 10.321800 -0.007976 -0.447643 0.894177 3.142400 0.000000 0.000000 0.000000 1.000000
0.999518 0.023328 0.020473 0.000000 -0.029988 0.895923 0.443197 10.321800 -0.008004 -0.443597 0.896190 3.142400 0.000000 0.000000 0.000000 1.000000
0.999458 0.024906 0.021521 -0.000000 -0.031841 0.897323 0.440225 10.321800 -0.008347 -0.440672 0.897629 3.142400 0.000000 0.000000 0.000000 1.000000
0.999404 0.025894 0.022823 -0.000000 -0.033280 0.898317 0.438086 10.321800 -0.009159 -0.438584 0.898644 3.142400 0.000000 0.000000 0.000000 1.000000
0.999359 0.026383 0.024216 0.000000 -0.034315 0.898903 0.436802 10.321800 -0.010244 -0.437352 0.899232 3.142400 0.000000 0.000000 0.000000 1.000000
0.999321 0.026539 0.025548 0.000000 -0.035032 0.899119 0.436301 10.321800 -0.011392 -0.436900 0.899438 3.142400 0.000000 0.000000 0.000000 1.000000
0.999290 0.026562 0.026732 -0.000000 -0.035572 0.899035 0.436430 10.321800 -0.012440 -0.437071 0.899341 3.142400 0.000000 0.000000 0.000000 1.000000
0.999259 0.026644 0.027769 -0.000000 -0.036108 0.898736 0.437001 10.321800 -0.013313 -0.437680 0.899032 3.142400 0.000000 0.000000 0.000000 1.000000
0.999224 0.026925 0.028740 -0.000000 -0.036799 0.898305 0.437829 10.321800 -0.014029 -0.438547 0.898599 3.142400 0.000000 0.000000 0.000000 1.000000
0.999179 0.027467 0.029768 0.000000 -0.037752 0.897817 0.438747 10.321800 -0.014676 -0.439511 0.898117 3.142400 0.000000 0.000000 0.000000 1.000000
0.999121 0.028242 0.030962 0.000000 -0.038989 0.897332 0.439631 10.321800 -0.015367 -0.440452 0.897645 3.142400 0.000000 0.000000 0.000000 1.000000
0.999051 0.029152 0.032372 -0.000000 -0.040440 0.896902 0.440377 10.321800 -0.016197 -0.441268 0.897229 3.142400 0.000000 0.000000 0.000000 1.000000
0.998971 0.030046 0.033960 0.000000 -0.041955 0.896565 0.440920 10.321800 -0.017199 -0.441891 0.896904 3.142400 0.000000 0.000000 0.000000 1.000000
